Multiple size <= 100
TEST 1 ARG:23 49 11 72 65 97 79 12 73 17 20 64 28 21 63 46 6 9 44 95 25 2 53 47 86 96 88 3 4 87 91 70 57 8 24 43 71 18 15 36 76 27 52 84 37 80 50 26 55 34 59 29 35 13 39 58 62 10 22 0 14 90 40 19 78 75 1 74 92 32 42 68 51 67 82 7 60 56 31 66 85 94 69 89 61 93 83 5 45 38 41 99 98 48 16 54 33 77 81 30 
TEST 2 ARG:91 94 19 95 53 38 66 89 9 55 49 50 69 46 90 41 54 33 68 37 99 57 8 3 52 0 93 42 23 63 67 79 87 92 51 1 60 18 82 26 35 84 43 30 86 59 71 21 78 72 44 61 11 25 15 98 62 4 64 56 6 81 7 2 65 83 27 40 10 32 85 96 16 76 17 70 80 20 47 58 73 14 36 28 13 22 29 31 24 34 45 74 48 5 77 12 88 97 39 75 
TEST 3 ARG:9 24 51 64 7 4 19 57 17 0 50 49 8 65 63 73 14 32 56 16 22 99 39 41 67 76 54 21 93 62 28 75 70 18 53 86 80 72 47 71 45 42 40 61 1 81 79 94 37 48 87 52 36 27 95 66 15 83 98 90 59 26 89 82 77 34 31 30 3 5 46 20 23 84 55 13 38 6 88 44 78 11 35 10 43 91 2 68 60 33 96 92 29 12 69 97 25 58 85 74 
TEST 4 ARG:91 90 25 5 61 7 16 48 99 87 89 64 22 40 33 83 23 21 28 26 93 9 57 17 44 37 67 38 65 54 53 66 74 62 45 31 86 32 39 76 35 19 95 15 41 94 47 8 81 72 75 1 92 60 43 55 56 70 51 52 6 49 79 97 77 14 29 80 88 0 69 68 59 34 82 27 2 96 13 11 24 46 84 18 30 3 98 36 78 4 71 12 85 63 42 10 58 73 20 50 
TEST 5 ARG:16 79 92 40 51 42 9 65 37 63 29 60 98 70 94 24 54 36 81 14 0 72 2 87 55 62 99 80 88 7 83 34 59 48 78 19 21 76 56 10 71 58 66 5 43 6 90 13 75 93 25 23 17 53 22 45 61 46 69 47 52 95 12 73 38 3 11 86 39 74 44 68 50 33 32 41 57 64 20 8 89 85 91 4 84 31 49 97 15 35 82 1 30 67 26 28 96 77 27 18 
TEST 6 ARG:46 57 75 30 8 81 48 17 76 74 45 47 56 36 58 41 67 2 88 35 25 54 12 72 0 55 44 89 91 38 42 20 7 85 10 28 77 84 73 6 79 9 66 96 52 5 70 13 64 14 61 93 87 62 65 21 60 53 37 16 94 26 39 1 49 34 83 11 92 22 19 59 69 98 82 95 40 43 23 3 18 50 31 80 86 4 78 63 32 68 97 24 27 15 29 90 99 33 71 51 
TEST 7 ARG:19 13 38 69 6 40 54 11 26 46 48 39 36 65 4 2 88 21 93 81 89 55 71 16 94 64 12 74 28 83 35 85 18 66 92 78 95 17 61 1 67 42 56 72 87 51 15 33 90 99 84 50 24 29 49 23 60 45 53 73 0 41 97 22 44 62 76 82 77 98 31 96 10 70 25 8 86 32 58 34 79 68 5 75 20 47 80 27 57 52 43 37 59 30 14 7 9 91 3 63 
TEST 8 ARG:62 16 13 77 49 94 99 11 83 72 6 93 14 10 46 31 92 58 91 40 19 34 86 2 53 43 74 1 80 36 5 41 89 51 28 68 88 66 95 4 29 67 25 0 3 9 42 48 98 56 17 59 81 57 78 45 32 82 50 97 8 37 85 54 47 35 39 76 71 12 22 26 65 70 55 52 90 21 38 64 30 24 44 73 15 20 63 23 84 79 69 33 18 75 61 7 87 27 96 60 
TEST 9 ARG:0 43 67 17 81 26 91 64 29 71 18 74 27 7 5 31 80 56 85 16 79 77 34 44 99 35 21 40 3 82 73 63 68 90 1 49 58 42 4 69 47 51 13 59 88 87 22 8 86 37 14 33 72 11 41 75 53 12 57 98 48 46 25 55 32 10 6 94 76 50 83 2 84 97 62 52 28 96 36 95 30 70 92 23 78 93 20 45 54 65 38 66 39 15 89 9 60 19 61 24 
TEST 10 ARG:38 50 30 48 36 34 63 25 35 64 23 47 91 97 0 92 82 88 12 59 79 41 6 49 94 27 17 1 40 98 9 18 61 2 80 14 4 51 46 39 75 19 66 60 32 81 44 93 31 73 43 7 45 21 70 67 87 72 11 53 62 90 84 26 15 78 68 69 96 5 37 52 24 20 13 33 77 55 95 71 10 16 65 58 86 42 85 57 99 54 29 22 89 56 74 3 76 8 28 83 
TEST 11 ARG:41 3 46 67 53 16 54 96 42 25 9 62 12 97 91 51 8 68 81 33 83 88 90 63 61 27 99 31 64 21 98 40 56 69 65 70 30 76 35 24 58 14 23 7 47 5 74 28 4 79 32 26 2 85 10 6 87 60 89 73 72 19 39 13 82 29 11 93 71 80 22 48 84 38 36 20 77 0 45 92 34 75 17 50 18 59 78 15 44 66 86 94 43 49 57 95 55 52 1 37 
TEST 12 ARG:23 64 73 10 20 62 38 90 22 0 5 72 4 68 52 40 27 43 66 76 83 29 86 54 17 21 92 81 70 30 57 99 37 84 24 55 45 19 1 35 74 98 26 82 69 48 7 11 2 41 39 49 34 13 78 97 77 89 42 33 87 75 9 53 59 16 32 25 96 80 44 56 51 95 47 91 63 8 67 3 61 28 65 12 71 50 36 14 93 88 31 79 6 85 94 60 18 46 15 58 
TEST 13 ARG:7 35 24 75 56 85 57 23 64 1 55 62 5 67 0 90 43 22 38 54 41 9 14 96 80 93 11 39 34 30 98 48 74 46 31 44 10 28 49 2 26 40 63 32 97 42 29 65 50 17 69 53 4 25 92 84 73 77 87 61 83 86 15 21 12 91 99 95 36 72 89 52 78 60 8 70 94 76 88 33 3 82 20 81 37 58 16 66 19 68 45 51 79 6 47 59 13 18 71 27 
TEST 14 ARG:77 1 2 24 15 33 23 84 82 17 69 26 34 57 0 70 49 43 54 95 41 74 60 68 78 79 46 4 62 81 29 51 52 64 63 38 8 5 9 92 55 89 25 98 6 76 37 7 87 59 36 14 97 56 67 20 44 61 66 65 21 35 83 94 85 19 50 48 18 42 3 16 45 11 80 71 88 28 27 53 13 93 47 72 86 73 10 91 31 30 22 58 12 40 99 32 75 96 39 90 
TEST 15 ARG:61 95 73 45 52 42 29 68 79 86 70 17 16 36 46 27 67 19 81 59 5 49 13 90 32 24 65 72 8 58 18 26 88 84 76 4 21 6 75 92 69 2 20 1 38 35 64 25 93 63 0 57 74 40 54 23 41 3 39 66 11 22 97 14 80 56 85 12 50 31 30 51 53 77 34 60 55 89 62 71 44 47 87 33 99 7 96 83 78 94 98 82 10 9 28 15 37 91 48 43 
TEST 16 ARG:62 24 1 48 54 95 66 55 39 3 12 30 42 19 27 43 17 67 77 5 60 68 36 37 83 38 93 89 18 79 91 73 25 32 21 11 6 45 51 76 2 56 64 14 4 65 16 15 53 86 52 74 92 41 44 46 31 88 82 34 61 40 59 75 69 7 20 99 29 72 97 35 70 28 87 84 23 85 58 81 94 98 47 0 33 63 90 96 22 8 26 80 71 57 78 9 50 10 49 13 
TEST 17 ARG:46 27 34 18 43 88 15 31 84 1 45 99 92 55 77 61 40 64 25 79 72 32 36 26 62 74 37 97 57 56 30 60 20 38 82 17 24 93 49 29 78 83 53 50 42 89 91 90 3 76 33 0 98 52 6 75 63 8 85 86 94 9 80 73 44 71 39 68 4 41 23 47 28 21 35 65 70 81 69 96 7 16 10 22 19 58 14 59 13 11 48 12 5 2 54 67 87 66 95 51 
TEST 18 ARG:85 17 77 44 64 48 87 42 81 34 35 51 11 92 80 12 26 7 79 94 65 49 67 53 24 83 62 66 25 29 32 91 27 18 36 69 15 9 56 95 86 5 73 43 0 55 8 52 63 76 40 33 30 4 75 60 47 72 84 50 13 20 99 16 10 74 23 54 41 93 3 14 58 1 37 46 70 59 78 39 68 28 98 22 96 61 19 88 2 45 57 71 90 31 97 82 6 89 38 21 
TEST 19 ARG:5 50 86 54 29 22 23 26 51 61 7 30 67 40 17 57 37 1 24 80 48 64 36 62 11 99 25 88 32 60 21 13 63 20 53 44 52 4 78 65 96 82 28 79 72 16 8 14 85 46 90 83 69 77 31 9 59 2 70 41 75 73 76 55 92 71 27 47 38 91 19 87 66 34 10 93 56 95 33 18 94 98 81 68 45 89 43 35 12 58 42 74 15 3 6 97 49 0 39 84 
TEST 20 ARG:71 50 36 14 69 29 79 51 75 4 12 67 21 47 92 27 15 11 82 46 52 72 24 20 41 89 90 81 39 3 80 9 28 17 99 19 43 65 66 96 53 76 32 85 33 83 95 0 7 74 57 5 87 2 1 59 62 56 26 23 42 13 22 8 68 25 61 98 94 88 48 45 70 34 31 44 93 16 55 78 86 37 91 54 38 10 49 40 64 35 58 30 97 63 18 60 77 6 84 73 
TEST 21 ARG:91 7 16 72 49 41 80 45 35 96 81 90 61 43 75 39 33 85 15 95 8 5 14 26 78 58 52 23 83 42 3 25 89 22 32 6 88 10 63 69 38 13 55 67 18 53 57 48 93 68 24 65 87 99 17 79 74 62 86 97 73 94 47 36 9 37 70 12 31 84 77 0 56 60 64 71 34 2 4 20 92 21 66 11 30 82 1 19 54 29 28 44 40 98 46 27 51 59 50 76 
TEST 22 ARG:6 86 62 14 61 71 90 93 27 70 42 22 50 84 0 77 18 73 99 5 80 8 94 24 52 30 83 65 34 33 97 9 59 10 87 44 39 45 28 53 2 56 37 51 40 47 32 19 49 57 78 74 43 7 75 55 29 82 91 79 41 25 48 63 3 85 21 16 23 98 89 67 88 11 36 35 69 68 96 66 64 81 54 12 1 76 4 31 26 15 17 46 95 72 13 20 38 60 92 58 
TEST 23 ARG:28 93 99 17 1 86 51 59 14 61 29 10 89 96 44 95 0 30 23 48 90 91 24 9 4 16 37 32 60 20 78 18 36 98 63 49 6 50 19 66 56 77 85 12 41 58 38 84 57 43 81 21 53 25 34 82 68 97 26 75 76 71 39 27 8 92 70 64 72 80 79 83 87 42 69 46 65 45 94 7 88 11 67 31 3 54 5 74 35 52 55 33 15 13 22 62 40 73 2 47 
TEST 24 ARG:25 46 30 49 61 87 89 38 13 64 63 12 2 79 55 47 37 10 57 8 4 78 84 98 7 28 23 32 88 3 1 91 68 27 16 42 97 81 94 40 62 59 60 26 33 18 43 21 56 72 34 29 77 67 90 41 69 65 85 14 22 71 75 86 74 52 54 36 50 9 45 92 96 20 73 31 15 99 70 82 95 58 24 53 5 19 83 93 0 11 76 66 6 51 80 48 35 44 39 17 
TEST 25 ARG:72 2 49 62 84 23 80 98 64 41 83 54 44 31 3 68 9 24 52 26 12 78 63 71 82 5 39 66 10 27 19 7 33 6 1 38 57 25 87 35 99 97 56 67 58 13 53 88 16 90 61 46 65 15 73 32 40 79 70 28 85 0 48 74 18 45 86 95 93 14 92 21 47 4 17 89 22 76 94 77 42 81 20 91 37 43 51 8 60 55 36 50 96 11 69 30 59 34 29 75 
TEST 26 ARG:68 22 50 72 97 17 88 67 32 93 81 84 52 76 58 63 20 89 6 83 3 1 7 2 56 39 46 12 54 61 41 11 53 51 31 38 65 57 86 42 95 15 29 30 23 55 77 33 40 75 5 79 8 73 13 47 74 90 96 36 64 0 21 37 28 44 71 14 27 98 45 24 94 59 78 9 43 60 80 92 19 69 18 4 48 34 49 85 26 70 99 91 62 16 35 10 87 66 82 25 
TEST 27 ARG:35 53 18 28 5 20 21 7 78 75 16 83 45 44 93 2 99 48 85 72 89 33 62 12 90 6 73 69 38 97 55 40 59 43 94 57 42 56 60 95 27 66 91 46 9 22 92 37 74 70 19 67 23 82 63 4 47 13 49 30 68 15 36 71 29 76 80 58 65 26 0 14 11 54 88 84 51 96 34 98 10 32 39 79 86 52 3 81 41 1 50 25 31 87 8 24 77 64 61 17 
TEST 28 ARG:63 20 28 79 59 41 56 60 53 81 58 3 49 55 62 52 86 33 89 54 82 67 74 18 65 99 61 92 36 97 19 94 72 73 17 68 91 45 57 77 14 34 75 64 25 2 1 11 87 44 24 76 7 47 69 32 37 88 78 10 0 70 84 39 83 8 93 48 27 95 51 13 50 23 35 9 90 12 29 31 80 98 4 42 46 22 26 66 16 15 96 38 85 71 21 30 6 5 40 43 
TEST 29 ARG:20 15 84 86 48 19 99 67 73 11 17 23 50 91 85 53 42 83 80 44 21 8 28 10 45 49 74 98 18 66 4 35 6 0 76 95 61 39 26 79 65 41 1 13 37 36 55 29 58 78 27 9 43 63 7 52 40 87 2 16 31 94 22 14 54 93 97 34 77 51 59 82 25 46 68 30 96 60 5 33 92 81 3 90 12 56 69 38 62 57 71 24 70 47 75 89 64 72 88 32 
TEST 30 ARG:71 77 3 49 66 0 61 81 46 1 34 45 48 41 13 60 6 32 27 72 21 17 70 91 92 94 16 35 20 29 8 47 18 76 14 55 36 68 4 53 58 9 26 80 52 73 65 87 84 2 50 79 28 69 93 63 90 74 51 54 19 96 78 33 22 83 42 7 98 99 15 75 37 5 56 30 85 31 86 39 44 12 43 11 38 64 24 97 88 23 40 10 59 82 95 57 62 67 25 89 
TEST 31 ARG:19 63 62 80 72 30 37 87 96 22 11 1 38 77 15 58 29 6 95 48 5 84 47 68 89 99 34 0 82 14 13 42 46 74 70 98 8 79 65 18 4 52 85 9 16 66 12 88 93 67 41 54 50 53 24 90 91 73 33 32 92 36 31 10 23 51 35 39 3 49 97 26 57 83 28 71 27 25 40 78 60 2 21 81 69 44 64 61 43 55 94 17 86 76 75 59 56 20 45 7 
TEST 32 ARG:68 98 74 56 95 10 34 55 47 83 96 28 15 87 61 1 90 35 13 20 0 6 64 2 9 40 14 94 43 75 67 37 46 53 52 38 32 76 89 86 78 50 3 58 51 22 57 88 5 71 42 11 41 4 8 48 97 39 23 27 85 26 36 30 19 66 62 29 7 84 45 92 65 70 24 63 80 49 81 54 33 44 99 77 69 79 91 59 73 60 72 25 82 12 17 18 31 21 16 93 
TEST 33 ARG:69 53 48 62 45 99 16 67 74 26 33 64 29 43 31 86 50 36 82 32 39 57 93 1 91 35 25 2 17 66 28 4 71 14 96 75 76 24 65 58 52 70 18 54 88 51 81 98 7 95 38 59 12 83 20 92 15 34 44 90 73 23 22 49 27 5 47 55 46 79 3 87 94 6 30 68 21 41 9 0 85 42 8 11 40 97 78 61 37 80 72 13 89 77 56 10 84 63 19 60 
TEST 34 ARG:63 23 27 7 89 71 54 81 62 49 40 44 28 74 14 64 48 33 25 87 12 11 32 73 77 42 29 3 79 67 1 50 13 26 37 59 61 90 45 21 8 75 19 46 52 86 2 65 98 9 53 17 82 94 69 24 36 95 15 4 30 97 6 84 0 83 57 39 35 60 92 31 88 91 76 5 80 18 78 41 66 70 93 16 20 99 10 38 85 58 55 22 51 34 47 72 43 56 68 96 
TEST 35 ARG:39 18 69 88 73 26 96 1 66 49 42 34 84 97 65 19 25 98 45 81 60 44 76 75 80 89 4 52 77 48 83 29 33 17 47 13 15 6 27 31 55 58 9 40 37 57 68 56 22 32 36 0 85 86 92 16 78 21 41 28 46 93 35 91 61 54 82 72 24 5 30 70 11 2 95 8 67 62 63 10 53 94 20 3 12 99 38 64 74 59 71 90 50 7 51 23 14 43 87 79 
TEST 36 ARG:80 30 95 88 78 10 59 62 46 44 23 79 74 70 98 29 4 21 39 71 17 36 63 11 54 37 52 25 24 61 82 48 32 92 56 6 53 66 68 28 22 38 55 33 57 13 89 60 14 35 96 77 87 31 81 72 84 83 3 16 8 49 20 97 15 47 12 19 75 42 27 2 50 99 40 94 67 90 65 34 91 9 5 69 0 85 26 1 58 18 86 43 93 76 51 41 7 73 45 64 
TEST 37 ARG:6 75 1 86 48 97 25 37 29 82 30 11 92 14 3 2 95 89 19 73 5 9 34 91 24 7 79 85 93 40 21 58 38 16 76 81 74 17 69 56 41 96 70 60 44 55 43 39 8 47 31 33 94 22 51 46 77 80 90 99 36 67 54 57 0 68 53 59 4 45 26 88 12 72 65 52 42 35 23 87 18 50 10 32 27 20 15 63 64 61 13 28 71 49 66 78 83 98 84 62 
TEST 38 ARG:7 58 89 73 14 11 47 10 43 41 53 95 97 32 57 21 2 79 88 24 66 28 98 31 72 54 84 82 59 44 22 37 16 29 19 6 62 94 30 76 3 96 69 78 86 56 5 46 9 85 71 52 67 25 45 4 15 64 42 60 0 75 61 17 48 65 20 39 26 92 68 12 38 80 87 63 40 51 77 70 83 99 49 18 50 1 74 35 93 27 8 23 13 91 81 33 34 36 55 90 
TEST 39 ARG:80 11 30 18 47 34 17 27 71 69 39 37 7 70 52 82 62 43 8 64 46 49 35 28 12 25 68 23 15 57 98 89 19 84 36 88 85 78 42 96 91 10 81 97 61 59 16 72 60 6 26 83 77 66 65 14 40 75 9 51 79 29 54 92 73 22 1 95 58 86 55 74 48 0 45 53 93 44 31 5 32 24 33 20 76 56 4 87 38 67 50 3 94 90 41 13 21 99 63 2 
TEST 40 ARG:39 86 13 49 35 52 98 33 14 26 5 55 1 27 41 96 93 60 63 64 69 37 48 8 75 24 61 77 43 34 51 45 22 18 92 31 73 89 87 25 68 85 42 59 11 19 28 40 4 99 81 88 53 76 56 46 7 21 91 82 74 50 44 71 65 32 15 36 62 12 16 0 79 38 57 80 97 6 54 70 3 72 30 95 2 23 9 83 67 78 94 84 66 47 90 17 10 20 29 58 
TEST 41 ARG:49 3 78 37 9 58 68 15 2 22 32 62 36 83 72 27 45 91 60 73 96 93 40 66 99 30 14 90 25 59 84 94 38 65 81 56 39 26 44 85 35 75 31 20 57 63 28 77 55 82 29 97 12 88 41 0 50 11 1 61 52 64 87 21 17 19 54 89 47 5 79 71 67 48 34 46 18 24 51 95 92 8 7 6 80 16 43 4 76 42 10 69 86 13 23 53 33 98 70 74 
TEST 42 ARG:51 11 81 80 85 78 43 36 14 18 48 39 46 86 10 64 27 44 79 13 47 66 20 4 38 55 34 30 2 24 75 89 87 59 32 49 0 99 73 22 17 25 16 69 72 92 67 35 21 45 77 6 41 91 76 74 50 37 29 70 7 84 88 57 68 83 53 98 82 71 23 95 60 40 5 3 42 63 96 52 94 62 26 33 61 28 31 65 90 97 9 19 93 12 58 1 8 15 56 54 
TEST 43 ARG:7 72 57 65 2 78 27 64 54 34 24 99 93 31 89 80 92 53 71 82 29 21 61 41 12 91 25 33 51 47 60 50 70 11 22 45 16 23 88 86 38 44 8 0 98 87 97 55 32 18 56 26 90 69 73 46 66 67 20 17 58 68 36 40 28 76 49 79 14 19 94 30 13 6 42 95 10 35 39 48 74 37 52 84 1 83 63 9 81 59 3 75 96 4 77 85 5 15 62 43 
TEST 44 ARG:11 13 45 10 20 77 58 86 92 93 8 97 44 64 47 35 23 79 40 94 54 34 38 76 9 87 52 78 46 27 73 83 84 49 48 71 89 28 42 69 31 67 32 7 24 21 85 37 6 22 62 43 3 91 1 15 17 14 51 88 4 25 19 33 39 50 66 16 60 55 5 98 57 0 90 12 18 74 80 95 65 81 59 56 72 70 30 36 96 61 26 68 41 63 75 2 99 82 29 53 
TEST 45 ARG:95 9 58 73 38 32 76 12 0 21 3 59 24 37 79 89 86 98 7 1 27 63 14 66 10 77 72 93 11 28 99 68 52 17 74 26 82 19 18 36 48 47 65 15 41 4 80 96 35 56 49 84 8 6 22 62 30 2 44 23 69 61 16 51 31 34 42 70 57 33 67 91 60 5 85 25 43 40 29 13 53 87 54 81 64 88 90 45 71 39 94 78 83 55 75 46 50 92 97 20 
TEST 46 ARG:60 50 94 91 4 49 67 36 43 19 38 74 51 92 24 53 90 69 63 18 34 52 81 40 20 56 1 59 15 12 31 10 73 79 80 8 83 16 7 17 62 70 77 45 93 14 26 54 29 71 97 84 75 22 2 76 55 66 64 85 99 27 39 82 98 32 5 3 96 37 42 11 57 65 30 61 9 6 72 25 28 88 48 58 33 0 87 47 44 86 21 35 95 89 13 78 68 41 23 46 
TEST 47 ARG:14 92 34 77 56 38 80 76 29 57 37 39 52 36 48 73 50 16 97 18 63 79 23 53 45 11 88 65 60 19 27 83 86 8 42 12 54 15 41 21 98 43 35 69 66 25 24 90 4 81 3 71 87 30 55 64 59 84 58 95 47 2 74 91 22 9 68 82 93 5 17 96 85 46 26 40 49 28 62 75 44 10 33 78 13 20 99 32 6 94 61 31 70 0 67 89 72 1 51 7 
TEST 48 ARG:43 17 88 75 8 22 98 50 41 79 76 49 13 35 60 3 80 1 24 6 21 4 78 77 96 26 87 9 65 48 73 31 11 72 10 46 64 69 32 30 16 66 53 18 20 45 29 28 14 91 74 68 70 82 63 54 40 7 84 90 81 55 42 25 57 38 47 83 52 61 44 94 2 34 36 56 99 59 92 0 37 62 93 51 95 85 89 5 15 23 58 19 86 27 12 39 71 67 33 97 
TEST 49 ARG:19 16 67 10 71 1 78 86 61 29 52 48 31 79 38 92 73 46 59 3 99 27 42 70 6 69 36 32 11 57 0 44 91 30 66 89 51 18 95 45 85 4 93 14 26 20 9 64 43 21 17 65 94 63 80 12 50 7 81 88 83 68 75 41 60 2 72 74 8 37 62 47 49 33 35 98 34 55 58 87 76 28 90 23 24 97 15 53 13 25 5 22 77 84 39 54 40 82 56 96 
TEST 50 ARG:79 15 20 0 51 22 35 5 18 87 29 88 37 77 63 68 54 32 28 57 1 91 76 65 14 72 40 3 4 90 19 45 66 44 94 83 56 25 99 12 89 64 75 6 39 80 95 41 10 71 53 30 33 60 74 78 67 49 52 46 23 21 55 24 86 58 98 43 38 2 92 61 8 96 70 82 97 11 9 50 73 48 85 62 47 69 16 27 26 7 31 59 84 36 17 13 42 93 81 34 
TEST 51 ARG:19 50 89 42 83 46 84 76 62 54 63 34 72 28 13 94 43 68 92 29 8 41 81 45 58 98 91 1 44 21 47 32 6 53 48 99 11 86 31 23 51 4 39 3 73 36 7 74 79 27 22 52 2 16 59 35 80 30 96 77 61 9 24 49 95 10 57 87 97 26 67 88 12 60 15 37 56 90 33 38 20 40 65 82 14 85 75 25 18 78 5 0 66 55 69 17 70 64 71 93 
TEST 52 ARG:54 47 24 70 59 11 33 85 42 16 92 89 91 97 43 94 5 29 69 80 34 21 30 20 23 8 58 26 3 7 14 15 98 74 81 93 13 79 75 96 65 40 62 2 19 61 38 35 6 4 60 71 44 90 63 39 22 25 87 32 78 83 18 46 72 50 27 12 51 17 66 82 1 77 10 45 56 88 41 67 49 57 53 95 28 68 64 9 84 0 52 73 31 36 37 55 48 86 99 76 
TEST 53 ARG:99 41 42 61 60 88 59 78 68 5 96 28 98 80 43 63 83 89 45 57 19 7 12 70 23 82 16 39 15 95 92 29 31 94 46 24 66 0 81 55 10 32 20 49 65 50 77 74 52 13 62 9 76 72 21 79 67 84 34 1 47 38 69 40 18 26 90 22 85 91 48 54 75 87 4 14 71 86 44 2 58 11 53 93 36 8 73 35 37 3 17 33 6 51 30 27 97 56 25 64 
TEST 54 ARG:6 63 78 39 99 55 86 43 76 10 2 45 11 79 47 56 87 21 28 83 95 66 64 51 75 94 40 20 4 12 52 36 37 8 97 80 17 74 24 7 90 93 15 30 70 67 44 32 0 65 26 69 41 13 92 91 53 3 58 25 5 54 48 38 18 49 14 81 34 73 71 98 62 68 19 23 35 46 50 61 89 77 88 16 82 9 33 96 22 72 1 84 85 60 42 59 31 29 57 27 
TEST 55 ARG:32 81 82 61 84 37 69 45 5 25 31 49 20 36 71 42 29 9 76 70 24 56 13 93 26 15 72 18 67 63 50 86 30 0 64 44 46 33 53 90 88 59 52 4 55 23 95 39 3 35 7 96 62 92 43 2 48 11 14 83 66 1 98 16 10 57 22 78 38 47 12 6 91 58 77 79 75 68 87 60 40 74 99 27 94 21 65 51 89 97 34 80 54 19 28 73 17 85 8 41 
TEST 56 ARG:47 15 53 40 31 14 86 59 76 17 41 98 48 94 87 75 69 93 72 85 55 66 37 24 19 36 51 70 71 28 67 74 30 88 96 42 81 43 11 60 57 58 10 62 2 3 52 84 12 91 80 44 33 29 9 83 27 46 38 77 61 5 68 65 4 78 20 39 6 13 35 95 63 99 54 1 0 92 21 26 16 49 34 90 64 18 82 25 50 89 32 8 56 97 73 79 22 23 45 7 
TEST 57 ARG:69 11 44 46 92 36 84 10 68 57 81 54 23 50 70 63 27 83 60 20 86 38 31 85 6 55 66 45 14 62 78 8 4 74 35 76 94 3 79 12 67 22 17 40 77 56 7 1 43 51 47 49 2 71 65 30 82 80 39 93 48 25 24 15 21 37 0 16 96 75 53 58 90 95 99 64 34 89 42 52 19 91 87 29 61 41 5 72 88 98 73 13 28 33 32 59 97 18 26 9 
TEST 58 ARG:98 65 75 79 17 84 36 34 11 47 19 44 48 9 64 89 95 58 1 49 90 14 7 55 92 67 33 4 76 23 6 56 50 37 43 59 86 22 83 28 0 27 93 54 99 46 57 77 12 85 70 73 24 31 72 2 32 29 51 66 18 21 87 3 94 40 81 20 26 74 97 30 41 71 42 91 82 10 39 25 96 45 63 53 5 69 15 88 68 78 38 35 52 80 13 16 62 60 8 61 
TEST 59 ARG:0 23 60 71 22 24 96 7 16 21 76 8 89 33 73 40 69 37 77 88 18 59 32 81 44 85 84 29 99 25 47 1 68 70 45 15 94 72 92 46 90 82 27 10 30 74 14 35 78 49 2 3 95 55 62 34 97 91 26 5 65 19 80 98 93 56 83 58 87 79 13 64 20 36 9 51 86 43 28 67 6 41 38 53 11 66 17 48 57 31 63 42 50 12 39 75 4 61 52 54 
TEST 60 ARG:48 21 30 70 77 83 37 91 53 26 42 92 34 67 17 54 8 55 1 95 73 32 14 41 76 90 60 79 31 20 81 94 93 78 2 43 5 39 7 88 27 36 22 47 44 84 99 57 66 75 25 9 0 12 46 29 3 86 89 56 61 4 33 69 96 24 74 64 35 58 80 65 51 68 98 23 19 11 28 13 38 82 72 97 85 45 10 49 62 16 52 15 6 59 50 87 71 18 63 40 
TEST 61 ARG:1 42 49 89 31 61 66 77 82 35 21 7 3 14 65 29 24 93 86 69 70 58 20 74 52 83 90 4 87 95 17 78 13 91 28 72 98 32 97 5 9 12 60 19 27 2 47 46 96 59 71 75 51 41 94 43 34 25 92 73 64 8 33 50 44 23 36 37 79 63 45 56 67 30 85 53 81 57 11 18 62 6 0 80 68 99 16 88 55 15 76 26 10 54 48 38 39 40 22 84 
TEST 62 ARG:38 90 1 33 19 26 39 10 97 93 21 32 18 92 73 23 36 15 99 84 96 7 53 2 85 50 95 76 68 62 52 64 25 6 46 56 58 40 24 59 74 14 54 37 75 81 43 49 69 41 79 91 89 5 63 65 8 3 98 13 9 17 27 78 30 42 77 83 86 31 70 34 66 20 72 16 80 88 35 51 94 12 44 55 0 87 60 67 4 22 82 45 71 28 57 61 48 29 47 11 
TEST 63 ARG:88 28 31 91 4 8 32 98 92 73 40 43 13 57 12 55 62 51 16 15 93 5 95 14 23 3 29 45 84 27 9 72 49 86 87 38 17 44 52 83 63 61 65 20 19 48 60 2 1 67 53 66 18 11 30 37 42 6 77 36 24 41 99 75 90 33 35 82 81 69 56 64 50 96 47 26 76 68 80 34 89 0 97 39 10 21 7 71 54 59 58 70 79 46 25 85 78 22 94 74 
TEST 64 ARG:81 39 20 26 84 24 86 69 41 75 32 88 65 40 31 11 2 61 80 93 43 3 50 5 82 9 95 38 78 51 4 90 15 1 62 47 34 16 48 77 73 45 8 49 0 71 94 68 46 83 70 66 57 89 21 6 44 36 33 17 7 97 72 54 53 18 59 79 60 14 64 92 63 98 23 19 10 12 85 87 56 74 37 55 27 58 29 35 30 67 13 42 52 28 91 99 96 25 76 22 
TEST 65 ARG:66 67 2 10 85 62 65 78 84 24 63 42 47 58 14 80 34 95 89 55 5 69 83 91 56 28 0 76 81 35 33 41 23 16 96 93 46 86 44 61 37 88 32 50 17 59 1 15 77 7 11 8 13 12 43 36 60 79 68 31 92 97 29 51 54 87 98 21 45 73 64 25 26 94 90 40 19 72 22 57 70 4 20 99 75 49 18 53 3 9 6 71 27 30 82 48 74 38 52 39 
TEST 66 ARG:10 19 72 94 18 16 65 27 28 42 96 36 12 51 88 8 15 9 97 43 80 74 45 20 81 31 93 26 57 34 99 39 50 30 47 83 52 24 21 2 90 35 55 66 60 76 17 98 23 48 73 5 67 58 33 13 69 38 7 14 89 37 46 85 84 61 79 25 22 77 6 4 92 44 40 53 78 3 75 0 56 62 54 71 64 59 91 11 82 1 29 87 86 41 49 68 32 70 95 63 
TEST 67 ARG:74 17 0 54 71 27 3 95 7 44 1 45 89 40 78 91 48 30 12 53 62 49 59 63 47 33 65 69 73 66 51 81 34 19 2 43 41 99 21 92 31 5 64 10 90 86 32 97 84 68 79 28 38 93 6 61 75 82 60 24 88 72 87 37 11 20 23 83 8 4 58 80 85 16 39 57 14 15 96 55 46 56 35 9 18 52 67 76 22 25 13 26 50 94 29 70 42 98 77 36 
TEST 68 ARG:54 66 15 39 34 9 16 5 43 60 65 6 71 48 86 89 46 90 80 73 19 76 44 23 59 78 31 22 75 68 29 2 55 95 87 38 50 11 1 72 84 74 27 94 56 51 53 92 67 64 20 8 12 99 33 36 24 79 40 82 28 35 70 93 17 49 57 3 58 30 83 4 42 25 18 98 7 69 52 47 77 85 10 45 13 91 21 61 37 63 88 14 41 97 26 0 62 96 32 81 
TEST 69 ARG:54 51 77 5 8 46 18 42 67 60 55 0 35 71 89 59 4 25 99 94 87 75 78 17 74 72 50 93 11 16 12 83 39 33 95 98 63 80 84 52 30 68 36 45 23 34 64 24 9 58 1 3 40 22 69 70 38 57 53 49 19 82 62 43 15 86 47 44 29 96 10 21 26 73 37 90 7 41 85 81 14 28 88 56 27 13 92 31 32 2 97 61 48 66 91 65 76 79 6 20 
TEST 70 ARG:4 12 70 33 14 8 16 68 2 99 10 7 90 73 93 81 94 37 43 63 86 72 35 91 85 9 92 31 64 65 19 39 87 23 17 53 88 25 57 56 60 24 77 18 0 32 30 95 61 47 55 21 51 96 28 45 6 11 74 59 15 42 71 79 22 46 80 69 49 1 40 89 98 84 75 26 5 62 27 97 36 29 58 13 54 66 76 48 67 78 34 50 83 52 38 20 44 82 41 3 
TEST 71 ARG:0 99 15 26 72 22 85 13 40 73 60 61 30 66 63 1 86 29 21 81 16 89 54 68 44 70 75 64 82 48 49 5 52 97 42 3 84 77 36 2 47 41 45 74 65 14 23 39 90 8 79 17 25 87 7 53 9 71 98 37 62 91 96 55 83 4 69 56 11 92 58 88 59 35 43 94 38 78 27 31 67 57 93 46 50 24 28 10 18 80 12 51 32 95 19 20 76 6 33 34 
TEST 72 ARG:28 22 44 69 82 80 19 66 29 33 94 86 67 16 95 8 39 34 36 12 71 77 43 10 17 4 62 49 90 32 84 37 63 79 83 78 14 88 48 1 9 54 93 61 70 68 18 91 0 20 46 26 81 41 6 47 64 5 58 59 35 2 21 55 98 76 40 7 30 57 72 51 96 60 87 11 53 85 13 15 27 24 23 38 89 73 99 42 52 50 92 3 65 75 45 97 56 74 25 31 
TEST 73 ARG:61 79 72 74 4 59 2 27 98 57 33 93 95 25 9 19 75 43 23 89 38 80 77 40 16 62 46 41 51 69 42 15 13 14 50 92 85 70 28 96 65 56 86 66 97 60 49 44 3 84 67 94 52 48 55 71 31 64 5 22 73 54 53 47 83 34 88 63 8 87 78 81 17 29 45 76 39 91 1 24 0 6 68 20 26 90 7 11 18 58 32 30 82 21 37 10 99 35 36 12 
TEST 74 ARG:33 99 69 4 29 57 22 62 75 13 66 17 25 83 76 20 81 85 98 50 78 15 8 46 80 51 53 63 30 43 93 87 23 48 27 68 40 24 61 92 34 47 12 7 71 36 11 2 79 64 1 91 55 10 58 28 38 37 32 18 16 5 14 70 6 72 95 67 73 35 84 9 52 45 44 31 3 54 97 82 59 86 89 60 88 42 19 26 96 41 39 65 74 90 49 56 21 94 0 77 
TEST 75 ARG:2 21 20 78 45 68 34 19 65 58 31 49 81 27 84 71 61 89 86 94 98 70 30 39 36 1 14 23 79 26 90 83 82 12 11 18 25 73 47 88 46 74 77 97 96 13 28 80 48 17 66 57 50 95 41 53 7 59 76 62 60 6 75 8 35 24 72 4 32 63 38 10 93 37 16 54 64 29 99 67 3 44 42 5 15 69 52 56 9 51 40 22 55 87 33 85 91 0 92 43 
TEST 76 ARG:67 10 71 84 9 65 66 19 25 32 3 86 28 64 54 40 81 61 43 83 44 98 89 90 76 49 56 29 51 73 69 13 92 41 11 96 74 95 23 50 91 39 55 58 97 38 42 31 8 46 7 70 75 26 2 33 18 17 52 0 62 82 57 68 12 34 87 79 78 30 21 53 77 16 37 6 5 14 60 99 59 45 88 15 93 20 85 24 35 63 27 72 47 80 36 22 94 1 48 4 
TEST 77 ARG:70 31 1 26 45 94 0 69 35 66 99 76 9 7 67 19 61 64 53 17 81 74 98 73 84 82 87 65 51 5 34 56 90 3 78 95 12 71 10 97 89 13 48 2 57 6 50 20 23 85 54 40 27 18 92 86 15 37 11 49 58 72 63 83 29 16 91 77 75 4 32 33 21 22 68 44 80 93 25 14 24 8 88 42 52 79 39 60 62 46 47 28 43 55 59 96 38 41 36 30 
TEST 78 ARG:4 61 94 3 11 0 42 32 14 90 12 87 15 72 6 48 43 64 41 18 45 34 78 57 89 10 24 75 59 91 68 35 69 77 97 63 19 85 62 28 51 80 95 39 81 27 71 21 7 9 82 29 50 33 23 44 13 55 66 76 25 93 17 37 53 98 99 22 40 65 38 73 26 49 54 70 2 67 88 30 92 5 83 36 56 58 16 60 96 84 8 79 86 20 47 31 52 46 1 74 
TEST 79 ARG:94 46 8 67 71 0 90 79 11 45 59 42 58 23 98 2 82 66 80 83 17 53 77 97 4 87 70 21 49 39 35 13 54 40 60 69 92 28 56 44 47 72 37 1 10 29 61 74 89 86 34 57 25 73 68 33 5 31 85 52 30 48 27 65 75 19 55 76 18 78 38 43 12 14 41 63 95 24 15 26 84 6 3 36 9 96 81 16 50 7 91 99 64 88 51 20 62 93 22 32 
TEST 80 ARG:54 44 49 85 12 37 20 89 40 75 22 16 33 25 48 64 99 62 27 13 32 29 38 82 57 70 19 46 65 36 24 3 26 87 58 83 31 2 66 55 93 63 71 14 28 5 47 39 76 41 68 73 10 92 98 80 50 60 69 77 67 90 51 91 52 86 21 84 97 1 4 78 7 23 88 6 18 74 9 45 8 81 34 30 96 17 43 95 35 56 0 61 79 42 72 59 15 53 11 94 
TEST 81 ARG:98 32 58 10 28 27 57 26 65 25 6 85 13 77 34 19 48 56 95 30 43 18 96 75 9 97 50 61 45 42 29 53 71 5 44 78 2 60 0 88 33 81 59 15 49 7 91 83 70 14 82 40 20 66 68 72 92 67 84 8 17 52 37 94 4 39 69 86 24 76 22 12 54 23 31 89 36 46 11 74 1 35 3 73 38 64 51 21 47 55 99 87 16 79 93 90 41 80 63 62 
TEST 82 ARG:99 8 24 18 64 3 52 7 77 17 4 73 72 48 88 83 82 6 75 27 31 14 62 98 22 0 70 45 28 36 20 19 29 80 95 35 94 9 74 91 68 13 10 96 61 78 11 50 47 59 16 5 42 43 21 89 69 40 81 12 51 55 85 56 65 46 90 93 97 25 66 23 26 15 44 57 84 1 79 76 54 53 32 39 87 41 34 58 33 86 49 63 30 38 67 71 2 60 92 37 
TEST 83 ARG:56 97 25 10 54 28 0 58 19 63 36 69 1 42 43 2 40 57 98 80 83 59 44 17 82 32 62 5 11 73 93 30 8 99 21 71 84 24 75 46 16 14 81 37 79 9 52 88 13 29 55 23 95 26 64 15 89 85 41 22 65 4 72 61 94 45 31 7 67 51 96 18 66 33 76 74 48 91 77 35 3 78 70 92 60 49 50 20 53 6 47 27 86 34 90 68 39 38 12 87 
TEST 84 ARG:3 13 59 40 76 33 22 0 93 8 71 87 70 36 25 15 83 49 66 98 46 77 96 82 60 80 61 67 69 19 42 31 68 52 4 85 64 38 92 72 78 29 45 16 24 1 10 2 5 43 73 37 48 79 23 74 28 6 91 47 51 53 14 44 89 56 63 12 81 18 21 58 65 32 50 88 94 7 62 41 30 34 26 97 75 11 17 99 9 20 54 57 35 27 39 95 55 90 84 86 
TEST 85 ARG:16 87 58 9 20 40 95 24 46 41 47 43 90 3 67 15 34 6 81 2 96 75 21 23 82 49 28 78 18 91 11 92 32 35 85 48 1 57 60 79 86 30 12 64 66 80 94 8 44 36 50 27 33 5 17 97 69 65 62 77 71 39 98 19 0 74 70 99 31 22 88 56 25 13 68 54 52 51 83 61 84 63 59 38 29 10 89 53 4 7 73 45 93 76 37 72 42 14 26 55 
TEST 86 ARG:65 6 3 56 79 2 63 29 7 83 93 49 60 90 99 33 96 30 82 9 27 72 36 42 4 37 55 62 54 95 50 20 52 64 45 38 40 91 94 19 58 47 88 13 89 18 86 92 26 14 81 22 8 85 17 10 66 68 39 53 76 74 12 57 34 78 51 35 43 25 46 31 5 84 32 16 11 21 41 24 71 23 70 97 0 1 75 77 67 15 61 98 73 80 44 69 48 59 28 87 
TEST 87 ARG:95 10 88 74 43 39 57 41 99 61 36 64 66 35 22 79 60 87 72 80 98 89 19 78 84 63 70 15 49 29 47 32 62 56 69 68 3 90 20 97 6 40 42 92 0 26 18 46 65 76 55 53 24 86 5 96 85 28 83 27 38 59 82 23 16 44 30 7 33 9 45 8 37 21 48 94 50 52 14 51 25 34 13 91 58 17 81 4 73 31 77 12 67 2 54 1 11 93 71 75 
TEST 88 ARG:82 98 4 34 74 85 76 29 65 61 41 97 57 1 10 53 46 21 59 83 17 63 89 14 50 36 69 27 47 28 64 81 0 11 48 52 23 75 37 55 88 86 87 71 24 25 43 42 49 15 77 56 51 32 93 20 91 12 94 80 40 90 8 39 19 30 2 79 73 66 67 35 13 96 9 68 44 45 58 60 16 22 54 26 70 31 33 5 3 72 38 84 7 18 92 99 78 62 95 6 
TEST 89 ARG:14 48 84 20 79 97 53 36 95 1 92 23 94 54 57 56 55 15 59 32 25 2 18 83 73 42 68 87 26 96 77 50 3 71 75 90 11 17 6 72 91 60 9 33 76 49 81 51 41 37 78 47 74 0 70 88 35 31 80 38 5 69 58 28 39 8 29 24 82 66 34 43 62 19 93 22 98 45 13 65 85 63 7 46 27 99 67 64 52 16 40 44 86 4 30 61 10 21 89 12 
TEST 90 ARG:40 73 64 30 22 31 76 89 13 4 52 78 28 14 74 87 45 19 20 26 61 8 75 36 72 47 88 90 81 77 48 80 96 43 37 0 62 94 12 46 91 6 51 35 92 53 25 38 7 55 29 44 11 70 56 69 9 54 68 79 18 99 34 23 39 63 82 10 21 41 84 60 71 32 16 3 95 24 1 15 67 59 65 2 57 33 85 58 98 49 86 93 17 83 42 5 50 97 66 27 
TEST 91 ARG:47 10 32 33 97 13 4 65 63 87 81 40 88 77 37 59 34 18 68 20 83 30 78 75 53 43 62 14 24 66 86 64 48 2 0 94 74 8 85 96 67 3 46 31 29 21 72 25 1 15 55 50 35 73 69 49 7 99 5 26 6 82 51 56 45 27 93 11 84 76 17 39 95 28 38 42 80 70 61 57 41 12 58 71 89 16 54 9 98 90 36 91 22 79 60 19 52 92 44 23 
TEST 92 ARG:82 85 22 76 83 61 72 43 88 54 65 47 58 81 30 57 95 1 38 4 7 80 68 0 91 3 74 55 10 2 35 40 63 92 11 77 5 27 84 34 96 25 56 69 70 90 50 97 6 71 73 24 79 23 44 51 37 41 62 28 48 8 18 64 12 60 46 67 26 16 93 21 20 98 19 75 86 14 36 59 15 42 29 33 53 32 9 52 31 49 39 45 89 66 99 94 17 13 78 87 
TEST 93 ARG:35 46 87 54 32 99 9 91 44 85 14 36 68 53 31 98 19 77 23 25 67 37 96 43 27 21 45 28 33 40 63 81 94 1 0 13 15 52 3 11 65 70 5 2 83 61 30 79 10 74 49 41 17 20 66 86 24 64 55 47 39 76 90 97 29 72 51 6 78 69 84 42 50 88 48 80 4 18 93 22 8 58 57 38 73 34 16 12 60 62 92 7 26 59 95 56 71 89 82 75 
TEST 94 ARG:29 75 42 81 61 50 94 1 84 8 9 82 49 60 51 83 17 33 88 19 79 2 55 28 66 68 36 16 98 96 73 59 12 63 31 89 5 65 6 71 87 38 21 70 4 35 64 44 57 52 41 74 37 76 91 86 97 32 22 23 85 78 39 43 54 80 25 53 56 77 3 58 34 40 69 20 47 10 92 99 93 13 14 48 45 27 67 26 7 72 62 18 30 15 95 46 24 0 11 90 
TEST 95 ARG:50 16 31 70 41 40 1 19 29 96 39 47 61 72 83 52 2 68 8 6 66 18 92 5 85 33 99 53 12 79 62 44 0 91 98 81 26 21 27 93 37 54 11 77 74 45 51 87 4 94 23 82 34 71 24 22 86 58 57 38 60 32 59 14 84 80 15 65 46 88 30 49 73 63 43 10 90 20 48 17 78 95 42 67 13 36 25 55 3 97 7 35 9 69 76 28 64 89 75 56 
TEST 96 ARG:97 66 28 21 84 31 37 52 51 54 57 39 63 41 56 42 91 58 61 44 92 32 4 70 87 38 40 79 67 76 90 77 59 73 69 6 33 30 14 1 49 65 93 55 98 22 99 17 94 46 48 26 16 81 95 15 9 25 50 34 88 60 24 10 43 3 83 7 5 78 27 85 71 53 86 0 82 20 96 35 62 47 74 13 2 12 68 8 11 75 72 19 36 23 29 18 89 80 64 45 
TEST 97 ARG:8 80 46 41 18 67 22 7 60 24 47 36 91 12 77 98 78 17 70 76 88 59 16 14 49 73 31 2 94 53 15 92 69 34 97 82 5 1 56 63 35 55 9 51 26 30 40 0 4 68 61 13 28 93 11 32 71 43 45 48 65 84 89 20 85 37 64 66 99 42 29 21 86 95 90 87 50 83 96 27 6 10 79 75 74 25 3 23 58 81 57 44 19 38 62 54 33 72 52 39 
TEST 98 ARG:86 72 4 52 59 99 80 6 26 53 96 88 73 33 62 79 29 22 24 41 60 70 92 78 0 43 83 81 47 51 8 12 94 91 36 90 18 20 95 68 7 25 77 55 31 19 69 93 16 61 82 14 9 97 58 10 89 28 1 13 34 65 27 21 44 15 71 63 98 75 56 76 23 57 35 64 38 30 48 45 42 5 40 46 66 39 37 32 74 3 67 87 54 84 50 2 49 11 17 85 
TEST 99 ARG:27 62 19 56 26 51 95 49 43 63 11 77 99 42 80 29 12 0 66 40 91 92 24 87 36 86 70 21 25 48 6 53 47 2 85 5 39 65 1 84 30 15 74 38 10 35 67 46 82 79 90 58 71 13 8 41 50 7 88 98 28 89 23 97 31 96 45 60 81 52 3 37 18 68 20 76 59 17 32 44 64 33 16 14 9 83 93 75 34 78 57 94 54 69 22 73 4 61 55 72 
TEST 100 ARG:23 89 80 5 67 35 79 7 74 9 13 95 87 51 32 98 3 21 30 43 0 45 31 62 97 70 73 1 49 16 69 11 25 38 84 34 15 46 33 75 86 17 59 18 83 36 60 58 4 92 61 91 57 47 6 68 54 65 77 96 56 39 93 26 52 20 99 55 85 28 27 71 42 24 88 64 44 50 63 53 41 66 82 8 2 94 78 72 48 12 40 76 14 19 22 81 37 90 10 29 
TEST 101 ARG:81 4 71 26 97 78 19 9 37 22 85 48 21 50 43 39 36 56 62 94 33 12 52 96 86 54 75 11 73 98 60 31 64 69 23 87 80 89 79 92 47 49 18 95 25 42 58 83 38 2 70 72 35 14 20 57 84 59 53 46 24 76 29 8 34 66 99 27 77 13 51 61 55 68 74 90 16 32 93 15 5 67 6 10 91 82 45 65 3 88 41 7 28 1 0 63 17 44 30 40 
TEST 102 ARG:41 59 15 68 43 87 58 36 10 26 90 17 9 20 47 40 75 63 97 76 52 60 12 94 34 79 72 6 91 96 38 2 24 54 53 19 71 99 46 31 22 81 39 18 1 93 92 32 16 25 83 89 57 11 74 23 55 21 65 85 44 48 7 4 56 61 27 8 3 73 64 42 88 50 78 28 67 98 80 35 0 45 69 37 29 33 82 51 84 5 62 49 14 86 66 77 30 13 95 70 
TEST 103 ARG:12 10 86 34 57 51 79 22 43 2 73 23 76 33 77 69 84 7 37 50 11 16 83 60 17 61 41 9 5 89 95 3 88 15 4 71 19 13 70 96 93 97 46 21 66 80 74 38 32 30 82 42 64 20 99 58 78 18 28 59 1 52 8 35 53 91 44 98 62 49 56 26 85 92 63 72 45 31 47 48 24 65 67 90 0 68 27 29 75 87 94 25 36 54 55 14 39 81 40 6 
TEST 104 ARG:50 39 57 28 40 54 90 18 60 70 2 49 80 83 1 84 21 41 51 91 61 64 71 82 24 42 74 55 31 94 23 8 78 66 59 98 7 68 76 25 46 79 65 12 96 32 56 87 73 69 13 3 88 67 37 0 30 53 75 48 93 58 62 38 6 89 14 85 81 63 17 52 33 15 19 44 86 20 29 5 97 11 77 10 36 99 43 22 92 34 95 47 9 45 72 26 16 27 4 35 
TEST 105 ARG:40 25 45 11 43 49 21 83 79 30 20 31 97 35 62 70 66 92 58 88 81 68 32 6 96 57 12 37 24 93 63 8 67 77 98 59 48 2 36 55 90 23 47 53 28 34 54 76 0 87 82 80 10 69 65 74 71 18 91 9 1 64 86 27 52 84 73 5 16 44 61 72 17 14 50 78 95 41 56 89 13 38 29 51 33 15 7 4 60 42 85 22 94 99 19 3 26 46 75 39 
TEST 106 ARG:40 87 25 45 52 23 96 49 71 58 55 35 37 22 11 78 92 32 70 64 89 80 3 76 50 4 41 75 34 91 13 79 12 77 68 17 7 72 15 94 63 99 81 18 57 27 28 0 51 97 19 2 36 1 85 83 20 29 31 60 5 54 39 74 47 9 16 26 86 53 88 61 95 69 33 56 62 38 46 42 82 66 30 84 14 73 90 43 59 44 98 6 8 65 10 24 48 93 67 21 
TEST 107 ARG:55 60 7 30 85 37 15 28 82 44 34 88 99 57 54 22 13 17 5 38 8 75 27 33 43 24 23 59 42 50 39 71 86 68 73 4 0 69 83 48 95 20 81 72 87 84 10 1 58 96 46 77 51 91 78 31 21 66 25 93 49 90 3 65 61 62 9 36 89 32 52 2 70 14 11 80 94 6 45 18 92 26 64 12 63 53 98 76 19 67 16 56 97 79 41 74 29 35 40 47 
TEST 108 ARG:83 47 99 97 21 48 96 16 28 80 98 63 36 95 85 50 7 14 4 26 3 92 49 89 58 78 12 41 53 56 1 52 73 5 6 75 90 42 40 19 24 54 71 2 45 35 25 51 32 9 68 82 91 27 79 8 70 13 44 69 15 88 61 31 0 17 34 86 62 20 11 30 74 87 55 76 33 66 84 39 57 81 94 77 72 59 23 38 46 60 43 37 10 65 64 67 93 18 22 29 
TEST 109 ARG:60 16 58 57 46 85 43 36 29 45 70 76 17 12 82 64 56 38 9 61 63 0 67 90 86 41 92 42 75 1 84 94 97 80 22 78 88 98 35 95 93 89 11 6 34 69 33 5 20 4 79 71 15 87 27 8 10 50 21 26 53 68 47 73 37 13 52 24 49 25 28 44 72 14 91 51 18 48 55 3 39 99 62 7 2 19 59 23 32 40 31 77 65 96 54 74 81 66 30 83 
TEST 110 ARG:78 16 70 54 91 0 62 46 84 81 20 49 95 44 32 45 82 5 60 57 97 93 19 13 64 89 4 94 42 66 37 23 35 7 41 26 29 8 53 61 30 39 55 43 22 2 71 48 68 85 6 33 58 34 77 18 40 59 86 99 21 38 24 9 12 76 51 65 79 74 90 50 73 10 28 1 52 83 88 31 92 47 14 96 98 15 25 17 72 11 69 87 27 56 63 3 67 75 36 80 
TEST 111 ARG:18 51 26 97 36 47 72 99 70 92 88 85 54 58 84 6 25 67 31 48 90 16 35 49 94 13 10 4 15 55 66 93 89 44 60 59 80 12 62 86 53 37 2 14 39 24 61 40 9 41 27 74 43 77 3 46 73 0 34 52 96 23 82 50 78 69 83 29 64 79 56 75 95 19 7 33 45 98 20 1 65 68 8 63 87 17 5 28 57 32 81 91 22 42 71 38 76 21 30 11 
TEST 112 ARG:19 97 96 50 78 25 66 26 37 17 68 23 14 27 56 45 57 6 40 88 2 33 89 51 5 31 47 48 87 73 34 43 35 77 71 28 16 84 41 36 10 44 20 76 63 46 82 91 3 59 64 52 62 38 80 86 1 99 67 0 70 13 29 65 95 15 93 22 98 60 61 39 54 83 21 11 30 92 8 94 24 12 79 69 90 85 55 75 74 53 72 81 18 58 32 4 9 7 42 49 
TEST 113 ARG:82 39 83 90 59 89 46 8 55 54 42 53 37 62 40 36 10 11 44 94 28 84 87 74 14 18 24 99 52 77 17 22 85 56 71 19 49 15 86 26 75 16 72 9 43 64 96 93 58 98 69 6 79 35 21 73 60 91 57 20 31 70 78 32 29 51 92 80 65 97 0 48 1 34 61 23 27 47 63 41 5 7 25 2 30 88 4 45 81 66 76 3 95 13 68 67 50 12 33 38 
TEST 114 ARG:31 36 41 68 88 33 56 93 62 52 84 4 63 25 24 40 75 76 57 21 23 61 6 1 71 42 14 60 86 32 50 3 67 87 94 34 95 38 85 72 53 39 79 98 47 18 69 13 49 8 74 27 30 80 58 59 19 83 17 5 43 99 15 28 22 2 92 37 54 20 91 70 10 11 16 12 48 51 35 97 44 66 96 73 89 78 7 64 55 82 81 46 29 9 45 77 90 0 65 26 
TEST 115 ARG:19 92 60 85 77 48 39 34 46 24 62 2 64 95 18 99 1 79 66 10 26 93 76 89 98 7 33 20 41 63 94 61 68 8 37 86 83 38 84 80 32 67 12 31 81 14 44 27 71 82 50 21 72 23 29 96 73 47 88 4 49 69 22 52 57 58 9 45 56 91 25 42 0 30 87 15 35 74 78 55 13 43 59 6 3 5 51 54 90 28 40 36 53 65 75 11 17 16 97 70 
TEST 116 ARG:52 97 33 39 64 62 59 82 4 15 83 69 32 2 73 1 65 84 76 43 38 66 90 34 74 22 20 31 25 24 77 67 72 42 29 26 0 12 51 80 78 95 47 86 93 91 79 7 18 81 71 58 16 96 19 8 21 98 45 9 30 89 41 75 13 23 88 56 46 35 37 10 94 48 27 5 49 17 55 44 50 87 53 70 28 85 36 54 11 61 6 99 68 14 40 57 3 63 92 60 
TEST 117 ARG:35 6 89 74 27 9 52 17 39 2 53 66 78 62 58 75 24 77 99 20 69 95 81 84 1 32 34 90 15 86 28 11 18 57 37 60 21 82 31 38 56 44 94 19 70 71 3 25 96 7 68 98 12 14 45 76 87 72 54 55 13 65 0 73 63 93 79 42 49 36 80 8 91 92 59 5 41 51 50 22 48 4 16 88 29 46 47 33 30 97 40 61 26 85 64 83 43 67 23 10 
TEST 118 ARG:97 32 33 73 3 55 95 42 5 67 14 92 22 91 37 21 43 26 41 1 38 65 8 78 57 47 45 13 49 36 82 0 96 69 40 44 70 68 35 90 19 75 60 20 66 59 72 61 87 81 23 71 64 51 11 85 99 39 25 93 4 84 48 34 94 98 2 31 56 17 10 54 12 16 30 52 7 9 77 6 89 28 50 29 46 88 27 18 74 79 58 83 15 24 62 86 76 53 63 80 
TEST 119 ARG:59 60 77 3 15 34 99 84 95 46 96 90 74 39 32 50 52 86 64 23 33 2 83 10 35 19 30 40 31 0 26 16 56 48 66 25 55 53 89 65 92 98 13 5 29 47 14 88 18 67 21 97 71 41 54 69 51 49 63 80 72 36 87 38 91 9 68 44 24 61 85 4 70 20 7 75 58 42 76 27 78 17 57 94 28 1 82 93 37 12 81 62 11 43 79 22 73 6 45 8 
TEST 120 ARG:6 24 88 60 85 26 10 78 69 36 41 70 50 7 93 44 87 12 66 94 21 51 49 65 2 40 46 13 81 53 52 96 80 91 0 38 72 98 48 79 67 32 54 15 9 11 30 89 84 56 18 43 61 83 31 71 73 57 1 14 47 22 8 27 39 64 76 28 90 25 19 17 58 20 63 5 86 45 99 75 77 82 74 55 35 33 59 29 62 97 42 68 3 23 37 92 4 34 16 95 
TEST 121 ARG:82 94 87 30 4 47 60 15 74 52 23 84 27 86 3 69 51 45 57 56 93 8 97 37 63 70 48 7 36 12 46 85 1 26 6 76 67 61 11 96 83 40 10 98 21 14 49 80 89 68 34 90 9 62 92 43 66 91 31 18 25 72 22 75 65 95 64 33 29 28 5 16 53 73 81 54 24 44 20 0 88 42 32 19 39 78 59 13 2 38 79 41 71 55 17 99 35 77 58 50 
TEST 122 ARG:72 44 18 99 53 38 71 94 88 47 36 41 62 42 69 26 73 70 50 87 25 97 55 11 84 46 30 37 54 48 4 61 81 52 5 92 74 31 9 14 28 7 16 95 75 85 8 78 67 15 45 22 21 29 56 35 0 20 60 12 3 86 40 32 80 66 57 76 89 64 51 6 91 33 19 49 83 39 10 93 63 1 43 98 2 17 59 82 90 77 24 96 13 68 34 65 79 23 58 27 
TEST 123 ARG:91 26 86 21 58 30 19 24 98 99 25 37 79 45 53 29 75 84 32 35 22 96 93 9 71 67 68 59 76 6 95 80 34 20 36 42 10 89 90 66 87 77 57 44 23 88 50 3 11 78 62 94 81 55 7 54 39 27 14 5 41 13 17 8 40 92 69 56 52 65 15 63 38 4 12 33 72 43 47 2 1 46 48 97 82 31 83 18 49 73 28 74 70 85 51 16 61 0 64 60 
TEST 124 ARG:26 94 66 43 57 52 77 65 19 32 62 48 15 58 7 71 40 39 17 55 51 20 56 98 13 42 59 3 35 70 69 54 31 38 4 1 68 30 37 80 33 85 44 95 87 12 11 60 46 41 53 25 83 45 29 82 36 99 96 75 18 24 47 0 23 50 74 61 88 64 86 63 8 34 10 89 14 16 92 73 76 90 81 79 6 28 84 27 9 91 93 22 21 72 49 5 67 2 78 97 
TEST 125 ARG:2 84 57 96 86 12 60 22 11 28 98 70 67 10 95 44 79 48 13 94 6 87 7 53 88 66 69 29 59 74 56 91 15 83 93 73 24 77 4 30 82 76 85 9 32 18 43 80 23 51 0 49 42 39 37 50 19 64 71 61 68 17 75 62 20 58 99 54 25 78 1 92 55 36 27 26 5 89 52 65 40 34 31 33 47 45 3 72 63 14 35 46 8 41 90 16 21 97 81 38 
TEST 126 ARG:25 21 43 64 5 46 71 27 32 65 7 53 82 14 49 81 51 52 20 80 67 34 60 63 42 96 10 87 1 69 16 56 24 18 30 36 37 98 6 39 77 73 26 90 94 11 93 33 83 28 70 99 76 31 40 54 74 48 19 85 44 59 97 84 79 23 68 72 62 55 4 91 86 47 78 88 38 75 58 61 15 2 17 9 92 8 0 45 89 57 22 41 95 3 13 50 35 29 66 12 
TEST 127 ARG:18 0 88 74 56 57 48 12 71 62 84 35 82 70 58 47 63 38 45 8 98 97 75 24 66 29 51 95 25 94 30 65 78 15 41 85 13 68 53 73 69 72 2 26 16 81 34 28 76 46 89 64 52 19 61 79 50 27 32 31 23 49 37 21 4 40 91 22 92 80 1 93 44 99 54 90 5 10 11 20 87 86 43 9 67 14 42 3 60 6 33 96 7 36 39 59 17 77 83 55 
TEST 128 ARG:37 18 19 34 21 55 70 46 49 75 26 80 52 10 90 0 84 15 76 25 24 63 85 12 50 91 48 39 14 31 8 27 56 7 45 51 41 89 65 30 43 74 94 28 33 66 73 32 11 16 69 5 82 77 87 20 4 88 92 97 99 23 72 22 62 58 53 83 38 93 17 67 36 61 59 44 78 29 71 40 68 3 1 42 86 13 79 64 98 96 95 2 47 60 35 54 81 57 6 9 
TEST 129 ARG:50 25 55 91 1 8 87 83 68 76 49 63 10 46 12 57 90 23 35 97 96 73 40 84 61 18 70 24 54 2 17 27 26 72 48 80 94 47 3 88 38 13 45 78 14 52 86 53 16 65 22 99 66 58 21 43 33 4 9 31 34 20 0 11 39 44 60 30 32 82 77 75 42 69 67 51 98 29 37 89 5 71 28 85 64 41 56 6 93 92 95 74 15 36 7 81 59 19 62 79 
TEST 130 ARG:49 95 41 88 52 16 37 97 55 94 6 45 10 19 66 92 51 42 2 56 26 82 54 46 15 98 68 70 76 13 32 14 79 29 18 72 27 33 31 73 47 59 90 74 57 12 75 96 9 48 83 5 91 86 61 64 60 99 93 71 38 17 53 39 7 25 35 3 22 89 87 24 44 80 30 67 85 77 84 8 43 4 36 69 1 28 78 21 58 81 40 65 11 34 63 62 20 0 50 23 
TEST 131 ARG:85 51 78 40 12 62 87 60 65 61 32 74 88 6 43 20 45 59 33 75 99 16 91 69 4 83 81 46 17 67 44 56 53 76 68 84 7 93 38 66 26 27 5 92 3 47 30 71 72 82 73 90 41 63 50 14 95 57 79 37 8 94 55 15 11 80 52 10 70 54 1 18 98 13 42 23 64 77 48 58 25 19 0 34 28 21 97 36 49 29 89 39 2 96 35 86 22 9 31 24 
TEST 132 ARG:37 91 6 8 22 61 46 49 3 17 42 28 26 73 53 18 36 0 51 65 55 16 30 57 87 95 48 88 92 86 62 72 5 59 25 58 31 66 45 15 4 99 83 47 67 93 79 12 50 35 23 38 2 64 84 9 7 20 24 89 98 85 54 63 97 21 13 71 34 70 10 39 75 29 76 69 90 56 27 33 40 41 82 96 74 68 19 81 1 52 77 44 32 60 43 11 80 94 78 14 
TEST 133 ARG:42 63 11 76 3 31 86 50 98 1 91 97 29 32 54 65 77 16 5 68 14 70 88 58 23 34 52 82 71 83 87 21 57 43 4 67 74 64 19 41 10 60 9 40 25 8 78 44 18 62 24 48 35 0 51 13 6 46 94 38 61 56 2 20 73 27 59 33 81 26 7 99 17 22 93 72 36 66 85 92 79 28 39 69 15 30 37 84 75 55 96 47 53 45 12 90 89 49 80 95 
TEST 134 ARG:68 39 66 11 60 29 44 40 33 23 20 43 34 2 69 28 35 77 85 51 12 89 64 91 27 17 63 59 80 37 0 21 14 42 32 25 38 82 7 96 67 36 93 88 19 18 84 4 54 47 50 95 6 49 76 71 72 73 81 78 83 56 5 90 3 52 62 70 74 22 58 45 10 30 99 97 26 15 16 92 53 61 86 87 9 98 75 1 24 94 79 41 55 31 65 48 13 46 8 57 
TEST 135 ARG:46 32 86 28 59 74 40 38 69 61 0 29 2 56 9 75 49 45 64 77 73 97 8 18 17 19 51 12 78 88 25 85 24 47 93 72 67 76 52 1 11 22 16 90 96 53 3 92 63 48 50 43 58 15 7 30 95 83 82 81 71 33 57 91 26 68 80 60 20 13 55 35 98 6 34 99 65 36 14 42 70 44 62 5 87 89 37 4 54 27 94 21 66 79 84 10 39 41 31 23 
